0.0025	10	2.91326e-14	1
0.0075	10	1.12819e-13	1
0.0125	10	2.97231e-13	1
0.0175	10	7.3497e-13	1
0.0225	10	1.78378e-12	1
0.0275	10	4.26622e-12	1
0.0325	10	1.00571e-11	1
0.0375	10	2.33781e-11	1
0.0425	10	5.35782e-11	1
0.0475	10	1.21052e-10	1
0.0525	10	2.69596e-10	1
0.0575	10	5.91795e-10	1
0.0625	10	1.28026e-09	1
0.0675	10	2.72926e-09	1
0.0725	10	5.73283e-09	1
0.0775	10	1.18636e-08	1
0.0825	10	2.41849e-08	1
0.0875	10	4.85616e-08	1
0.0925	10	9.60318e-08	1
0.0975	10	1.87006e-07	1
0.1025	10	3.58557e-07	1
0.1075	9.99999	6.76812e-07	1
0.1125	9.99999	1.25755e-06	1
0.1175	9.99998	2.29972e-06	0.999999
0.1225	9.99997	4.1386e-06	0.999999
0.1275	9.99994	7.32825e-06	0.999998
0.1325	9.99989	1.27659e-05	0.999996
0.1375	9.99982	2.1875e-05	0.999993
0.1425	9.99969	3.68655e-05	0.999988
0.1475	9.99948	6.10955e-05	0.999979
0.1525	9.99916	9.9552e-05	0.999966
0.1575	9.99865	0.000159472	0.999946
0.1625	9.99788	0.000251103	0.999915
0.1675	9.99672	0.000388602	0.999869
0.1725	9.99501	0.000591018	0.9998
0.1775	9.99254	0.000883297	0.999701
0.1825	9.98904	0.0012972	0.999562
0.1875	9.98419	0.00187199	0.999367
0.1925	9.97758	0.00265475	0.999103
0.1975	9.96876	0.00370012	0.99875
0.2025	9.95721	0.00506947	0.998288
0.2075	9.94239	0.00682934	0.997694
0.2125	9.92371	0.00904925	0.996946
0.2175	9.9006	0.011799	0.99602
0.2225	9.87254	0.015146	0.994894
0.2275	9.83902	0.0191518	0.993548
0.2325	9.79964	0.0238701	0.991964
0.2375	9.7541	0.0293447	0.990129
0.2425	9.70219	0.0356074	0.988033
0.2475	9.64383	0.0426785	0.98567
0.2525	9.57905	0.0505659	0.983039
0.2575	9.50797	0.0592669	0.980143
0.2625	9.4308	0.0687683	0.976987
0.2675	9.34786	0.0790491	0.97358
0.2725	9.25948	0.090081	0.969932
0.2775	9.16606	0.101831	0.966057
0.2825	9.06802	0.114263	0.961967
0.2875	8.9658	0.127338	0.957676
0.2925	8.85982	0.141016	0.9532
0.2975	8.75053	0.155259	0.948552
0.3025	8.63833	0.170027	0.943746
0.3075	8.52362	0.185284	0.938796
0.3125	8.40676	0.200993	0.933715
0.3175	8.28811	0.217122	0.928513
0.3225	8.16798	0.23364	0.923203
0.3275	8.04668	0.250517	0.917794
0.3325	7.92446	0.267726	0.912297
0.3375	7.80158	0.285245	0.906719
0.3425	7.67825	0.303049	0.901068
0.3475	7.55469	0.321119	0.895353
0.3525	7.43106	0.339436	0.889579
0.3575	7.30753	0.357983	0.883752
0.3625	7.18425	0.376746	0.877879
0.3675	7.06134	0.39571	0.871963
0.3725	6.93892	0.414864	0.866009
0.3775	6.81709	0.434195	0.860021
0.3825	6.69596	0.453695	0.854002
0.3875	6.57558	0.473355	0.847957
0.3925	6.45604	0.493167	0.841887
0.3975	6.3374	0.513123	0.835795
0.4025	6.21971	0.533219	0.829683
0.4075	6.10301	0.55345	0.823554
0.4125	5.98735	0.57381	0.817408
0.4175	5.87276	0.594297	0.811247
0.4225	5.75927	0.614909	0.805073
0.4275	5.64689	0.635644	0.798886
0.4325	5.53564	0.656501	0.792686
0.4375	5.42552	0.677481	0.786475
0.4425	5.31654	0.698587	0.78025
0.4475	5.20869	0.719821	0.774012
0.4525	5.10194	0.741189	0.76776
0.4575	4.99628	0.762701	0.76149
0.4625	4.89166	0.784368	0.755201
0.4675	4.788	0.806207	0.748887
0.4725	4.68522	0.828246	0.742541
0.4775	4.58314	0.850524	0.736152
0.4825	4.48154	0.873105	0.729703
0.4875	4.37996	0.896101	0.723162
0.4925	4.27752	0.919737	0.716465
0.4975	4.17079	0.944409	0.709446
0.5025	3.91807	1.00666	0.691957
0.5075	4.01374	0.98275	0.698778
0.5125	4.04559	0.974814	0.701105
0.5175	4.04923	0.973802	0.701479
0.5225	4.0503	0.973412	0.701681
0.5275	4.05052	0.973223	0.701832
0.5325	4.05041	0.973108	0.701969
0.5375	4.05014	0.973021	0.702103
0.5425	4.04978	0.972946	0.702242
0.5475	4.04935	0.972876	0.702388
0.5525	4.04887	0.972808	0.702542
0.5575	4.04831	0.972742	0.702705
0.5625	4.04768	0.972679	0.70288
0.5675	4.04696	0.972619	0.703067
0.5725	4.04614	0.972561	0.703269
0.5775	4.0452	0.972507	0.703489
0.5825	4.04411	0.972456	0.703731
0.5875	4.04284	0.972409	0.704002
0.5925	4.04133	0.972365	0.704312
0.5975	4.03949	0.972324	0.704675
0.6025	4.03719	0.972287	0.705118
0.6075	4.0342	0.972252	0.705678
0.6125	4.03018	0.972221	0.706414
0.6175	4.02466	0.972192	0.707415
0.6225	4.01694	0.972165	0.708805
0.6275	4.00607	0.972141	0.710756
0.6325	3.99084	0.972119	0.713493
0.6375	3.96978	0.972099	0.717302
0.6425	3.9412	0.972081	0.722525
0.6475	3.9033	0.972064	0.72956
0.6525	3.85434	0.972049	0.738847
0.6575	3.79282	0.972035	0.750848
0.6625	3.71773	0.972023	0.766031
0.6675	3.62873	0.972011	0.784834
0.6725	3.52633	0.972001	0.807639
0.6775	3.41197	0.971992	0.834724
0.6825	3.28796	0.971983	0.86622
0.6875	3.15737	0.971975	0.902059
0.6925	3.02378	0.971968	0.941922
0.6975	2.89099	0.971961	0.985199
0.7025	2.76266	0.971955	1.03097
0.7075	2.64207	0.97195	1.07804
0.7125	2.53183	0.971944	1.12499
0.7175	2.43376	0.97194	1.17033
0.7225	2.34884	0.971935	1.21265
0.7275	2.27724	0.971931	1.25078
0.7325	2.21846	0.971927	1.28393
0.7375	2.17145	0.971924	1.31173
0.7425	2.13484	0.97192	1.33424
0.7475	2.10706	0.971917	1.35183
0.7525	2.08655	0.971915	1.36513
0.7575	2.0718	0.971912	1.37485
0.7625	2.0615	0.97191	1.38173
0.7675	2.05451	0.971908	1.38644
0.7725	2.04992	0.971906	1.38955
0.7775	2.04701	0.971904	1.39153
0.7825	2.04525	0.971902	1.39273
0.7875	2.04424	0.971899	1.39342
0.7925	2.04371	0.971895	1.39379
0.7975	2.04347	0.971888	1.39395
0.8025	2.04339	0.971876	1.39399
0.8075	2.04339	0.971852	1.39396
0.8125	2.0434	0.971806	1.3939
0.8175	2.04337	0.97172	1.3938
0.8225	2.04324	0.971559	1.39367
0.8275	2.0429	0.971262	1.39349
0.8325	2.04219	0.970715	1.39322
0.8375	2.04081	0.969717	1.39277
0.8425	2.03823	0.967905	1.392
0.8475	2.03352	0.964631	1.39066
0.8525	2.02504	0.958748	1.38827
0.8575	2.00993	0.948246	1.38403
0.8625	1.98344	0.929667	1.37655
0.8675	1.93811	0.897275	1.36345
0.8725	1.86344	0.84218	1.34102
0.8775	1.74812	0.752515	1.3041
0.8825	1.58803	0.617744	1.24788
0.8875	1.39979	0.441799	1.17392
0.8925	1.22515	0.259546	1.09837
0.8975	1.10405	0.122472	1.04422
0.9025	1.04117	0.0487015	1.01695
0.9075	1.01491	0.0176474	1.00603
0.9125	1.0052	0.00614891	1.00209
0.9175	1.00178	0.00211115	1.00071
0.9225	1.00061	0.000720871	1.00024
0.9275	1.00021	0.000245589	1.00008
0.9325	1.00007	8.35647e-05	1.00003
0.9375	1.00002	2.84068e-05	1.00001
0.9425	1.00001	9.6473e-06	1
0.9475	1	3.27286e-06	1
0.9525	1	1.10897e-06	1
0.9575	1	3.75231e-07	1
0.9625	1	1.26757e-07	1
0.9675	1	4.27402e-08	1
0.9725	1	1.43805e-08	1
0.9775	1	4.82672e-09	1
0.9825	1	1.61511e-09	1
0.9875	1	5.37137e-10	1
0.9925	1	1.72914e-10	1
0.9975	1	3.98198e-11	1
